zed2_rw: 0.521521798815812
zed2_rx: 0.25544946948498615
zed2_ry: -0.8013605862286356
zed2_rz: -0.14346355892370805
zed2_x: 0.14799730045836423
zed2_y: 0.523435953193702
zed2_z: -0.3331085381826981
